fdens_coeffs:
  amplitude: 0.5587910467003282
  amplitude_uncertainty: 0.0007002099261823633
  shape: 0.9600157520406738
  shape_uncertainty: 0.020356636819504392
  width: 2.020427078509838
  width_uncertainty: 0.03462005803903392
fmom_coeffs:
  amplitude: 0.8858679172531956
  amplitude_uncertainty: 0.0008756420212041391
  shape: 0.8282347762381935
  shape_uncertainty: 0.007382480919787636
  width: 3.8263045353064467
  width_uncertainty: 0.0363047371341256
fpow_coeffs:
  amplitude: 0.8532115334413933
  amplitude_uncertainty: 0.0019232081238541607
  shape: 0.9642427916765323
  shape_uncertainty: 0.013848248825175094
  width: 5.195481324376164
  width_uncertainty: 0.08482624687643689
